Aa en Hunze	  189,58	 2 028	  318,10	 2 025	  253,840
Aalsmeer	  227,33	 3 661	  416,54	 3 608	  321,935
Aalten	  636,37	 2 784	  601,14	 2 682	  618,755
Achtkarspelen	 1 703,71	 3 076	 1 653,11	 3 028	 1 678,410
Alblasserdam	  868,49	 2 433	  752,44	 2 430	  810,465
Albrandswaard	  357,17	 2 948	  381,28	 2 891	  369,225
Alkmaar	 4 754,30	 10 454	 4 845,59	 10 207	 4 799,945
Almelo	 7 411,07	 7 056	 6 995,60	 6 920	 7 203,335
Almere	 20 914,33	 23 521	 20 947,22	 23 532	 20 930,775
Alphen aan den Rijn	 4 452,67	 11 646	 4 593,65	 11 590	 4 523,160
Alphen-Chaam	  28,52	  839	  65,18	  876	  46,850
Altena	 1 208,24	 6 088	 1 290,55	 6 105	 1 249,395
Ameland	  67,44	  401	  49,29	  381	  58,365
Amersfoort	 7 921,06	 18 100	 7 819,64	 17 806	 7 870,350
Amstelveen	 1 108,45	 8 566	 1 190,80	 8 642	 1 149,625
Amsterdam	 92 553,96	 75 404	 92 122,03	 75 670	 92 337,995
Apeldoorn	 6 389,68	 15 306	 6 442,72	 15 205	 6 416,200
Appingedam	  671,45	 1 073	  691,91	 1 070	  681,680
Arnhem	 12 549,73	 15 331	 12 653,94	 15 182	 12 601,835
Assen	 2 568,46	 7 241	 3 052,85	 7 079	 2 810,655
Asten	  316,37	 1 531	  291,74	 1 475	  304,055
Baarle-Nassau	  186,82	  497	  127,44	  521	  157,130
Baarn	  617,20	 2 416	  558,05	 2 428	  587,625
Barendrecht	 1 525,13	 5 841	 1 421,92	 5 736	 1 473,525
Barneveld	 2 578,13	 7 675	 2 560,79	 7 749	 2 569,460
Beek	  185,47	 1 107	  269,85	 1 106	  227,660
Beekdaelen	 1 003,98	 2 946	  822,32	 2 878	  913,150
Beemster	  0,00	  954	  0,00	 1 006	  0,000
Beesel	  554,30	 1 164	  561,61	 1 121	  557,955
Berg en Dal	  756,30	 2 708	  830,90	 2 675	  793,600
Bergeijk	  228,03	 1 619	  246,02	 1 611	  237,025
Bergen (L.)	  518,87	 1 081	  617,51	 1 051	  568,190
Bergen (NH.)	  91,75	 2 263	  91,80	 2 193	  91,775
Bergen op Zoom	 5 546,92	 6 069	 5 433,80	 6 083	 5 490,360
Berkelland	  577,85	 3 891	  764,33	 3 724	  671,090
Bernheze	  425,78	 2 980	  500,57	 2 886	  463,175
Best	  532,17	 2 753	  659,34	 2 700	  595,755
Beuningen	  526,37	 2 237	  585,31	 2 206	  555,840
Beverwijk	 3 174,25	 3 990	 3 225,63	 3 909	 3 199,940
Bladel	  393,50	 1 920	  397,47	 1 887	  395,485
Blaricum	  82,74	 1 175	  54,77	 1 265	  68,755
Bloemendaal	  0,00	 3 830	  0,00	 3 764	  0,000
Bodegraven-Reeuwijk	  761,59	 3 666	  775,12	 3 676	  768,355
Boekel	  289,31	 1 074	  213,37	 1 043	  251,340
Borger-Odoorn	  729,67	 2 096	  740,87	 2 054	  735,270
Borne	  259,27	 2 411	  238,28	 2 430	  248,775
Borsele	  406,75	 2 314	  482,18	 2 339	  444,465
Boxmeer	  780,10	 2 462	  733,01	 2 370	  756,555
Boxtel	  941,07	 2 957	 1 022,45	 2 901	  981,760
Breda	 8 554,04	 18 208	 8 208,90	 17 993	 8 381,470
Brielle	  197,85	 1 481	  270,72	 1 512	  234,285
Bronckhorst	  312,42	 3 017	  247,89	 2 871	  280,155
Brummen	  703,28	 1 690	  768,04	 1 653	  735,660
Brunssum	 1 887,13	 2 318	 1 795,90	 2 291	 1 841,515
Bunnik	  0,00	 1 644	  0,00	 1 686	  0,000
Bunschoten	  868,11	 2 480	  928,18	 2 517	  898,145
Buren	  928,28	 2 341	 1 013,58	 2 321	  970,930
Capelle aan den IJssel	 4 911,92	 6 469	 5 234,45	 6 448	 5 073,185
Castricum	  0,00	 3 165	  0,00	 3 159	  0,000
Coevorden	 2 181,69	 3 178	 2 201,93	 3 138	 2 191,810
Cranendonck	  305,04	 1 761	  318,52	 1 731	  311,780
Cuijk	 1 253,56	 2 268	 1 300,54	 2 263	 1 277,050
Culemborg	 1 465,69	 2 853	 1 500,00	 2 853	 1 482,845
Dalfsen	  72,14	 2 927	  139,99	 2 971	  106,065
Dantumadiel	  603,03	 1 871	  683,48	 1 927	  643,255
De Bilt	  550,87	 4 830	  637,24	 4 807	  594,055
De Fryske Marren	 1 769,20	 5 251	 1 317,42	 5 009	 1 543,310
De Ronde Venen	  541,93	 4 090	  617,95	 4 080	  579,940
De Wolden	  360,51	 2 040	  394,89	 2 087	  377,700
Delft	 5 948,69	 7 892	 5 947,43	 7 918	 5 948,060
Delfzijl	 1 918,01	 2 161	 2 060,34	 2 114	 1 989,175
Den Helder	 4 325,74	 4 959	 4 395,71	 4 931	 4 360,725
Deurne	  630,36	 3 018	  627,58	 3 003	  628,970
Deventer	 6 282,53	 10 247	 5 975,39	 10 074	 6 128,960
Diemen	 1 542,90	 2 616	 1 616,24	 2 723	 1 579,570
Dinkelland	  59,22	 2 466	  29,80	 2 376	  44,510
Doesburg	  696,04	  869	  679,72	  788	  687,880
Doetinchem	 2 725,01	 5 509	 2 553,55	 5 444	 2 639,280
Dongen	  909,23	 2 354	  981,10	 2 379	  945,165
Dordrecht	 11 976,19	 11 868	 11 856,89	 11 667	 11 916,540
Drechterland	  270,76	 1 840	  349,16	 1 831	  309,960
Drimmelen	  231,31	 2 325	  243,08	 2 320	  237,195
Dronten	 1 922,94	 4 303	 1 884,49	 4 291	 1 903,715
Druten	  577,21	 1 773	  634,22	 1 752	  605,715
Duiven	  586,24	 2 314	  687,92	 2 304	  637,080
Echt-Susteren	  940,15	 2 484	 1 032,44	 2 475	  986,295
Edam-Volendam	  594,05	 3 551	  605,48	 3 428	  599,765
Ede	 5 527,11	 12 657	 5 727,39	 12 677	 5 627,250
Eemnes	  34,00	  896	  83,73	  859	  58,865
Eersel	  58,92	 1 666	  62,39	 1 706	  60,655
Eijsden-Margraten	  129,82	 1 878	  120,32	 1 947	  125,070
Eindhoven	 15 521,33	 20 541	 15 627,17	 20 663	 15 574,250
Elburg	  698,88	 2 755	  749,15	 2 699	  724,015
Emmen	 6 956,05	 9 950	 6 952,85	 9 740	 6 954,450
Enkhuizen	  842,19	 1 772	  857,40	 1 759	  849,795
Enschede	 13 667,88	 14 865	 13 391,42	 14 657	 13 529,650
Epe	 1 135,59	 2 944	 1 069,27	 2 930	 1 102,430
Ermelo	  361,54	 2 481	  608,20	 2 456	  484,870
Etten-Leur	 1 539,62	 4 398	 1 587,98	 4 333	 1 563,800
Geertruidenberg	  613,90	 2 064	  746,89	 2 045	  680,395
Geldrop-Mierlo	 1 480,46	 3 638	 1 658,41	 3 643	 1 569,435
Gemert-Bakel	  703,14	 3 111	  718,20	 3 138	  710,670
Gennep	  335,07	 1 599	  302,82	 1 557	  318,945
Gilze en Rijen	 1 905,49	 2 675	 1 511,32	 2 537	 1 708,405
Goeree-Overflakkee	  895,05	 4 913	 1 016,78	 4 895	  955,915
Goes	 1 538,74	 3 427	 1 247,88	 3 363	 1 393,310
Goirle	  234,29	 2 689	  284,08	 2 726	  259,185
Gooise Meren	  216,88	 7 114	  125,73	 6 844	  171,305
Gorinchem	 2 882,43	 3 933	 2 495,49	 3 828	 2 688,960
Gouda	 5 814,49	 7 817	 5 602,48	 7 735	 5 708,485
Grave	  485,51	 1 147	  443,46	 1 149	  464,485
's-Gravenhage	 81 336,63	 55 968	 81 496,59	 56 046	 81 416,610
Groningen	 7 065,13	 17 705	 7 708,61	 17 683	 7 386,870
Gulpen-Wittem	  228,97	  920	  264,65	  895	  246,810
Haaksbergen	  390,77	 2 244	  476,17	 2 185	  433,470
Haaren	  11,62	 1 167	  20,78	 1 143	  16,200
Haarlem	 9 338,28	 16 158	 8 340,83	 16 103	 8 839,555
Haarlemmermeer	 3 822,63	 16 712	 4 444,72	 16 435	 4 133,675
Halderberge	 1 954,50	 2 662	 1 833,32	 2 641	 1 893,910
Hardenberg	 2 200,49	 6 569	 2 480,15	 6 508	 2 340,320
Harderwijk	 3 392,55	 5 473	 3 401,51	 5 430	 3 397,030
Hardinxveld-Giessendam	  269,46	 2 109	  326,29	 2 099	  297,875
Harlingen	  638,09	 1 541	  639,97	 1 476	  639,030
Hattem	  189,05	 1 331	  198,71	 1 323	  193,880
Heemskerk	 3 012,61	 3 768	 2 916,63	 3 727	 2 964,620
Heemstede	  0,00	 2 928	  0,00	 2 949	  0,000
Heerde	  481,31	 1 849	  548,44	 1 824	  514,875
Heerenveen	 1 452,34	 5 090	 1 559,99	 5 046	 1 506,165
Heerhugowaard	 2 863,07	 6 351	 3 053,12	 6 308	 2 958,095
Heerlen	 8 286,02	 6 571	 8 361,97	 6 611	 8 323,995
Heeze-Leende	  0,00	 1 367	  0,00	 1 366	  0,000
Heiloo	  0,00	 2 048	  0,00	 2 122	  0,000
Hellendoorn	  443,82	 3 509	  390,41	 3 452	  417,115
Hellevoetsluis	 1 962,72	 3 797	 2 216,68	 3 726	 2 089,700
Helmond	 8 589,74	 9 641	 8 485,40	 9 493	 8 537,570
Hendrik-Ido-Ambacht	  643,89	 3 780	  725,00	 3 969	  684,445
Hengelo	 4 571,59	 7 809	 4 455,09	 7 515	 4 513,340
's-Hertogenbosch	 8 247,21	 15 255	 8 033,01	 14 990	 8 140,110
Het Hogeland	 1 181,21	 4 494	 1 103,52	 4 381	 1 142,365
Heumen	  0,00	 1 503	  9,09	 1 471	  4,545
Heusden	 1 189,35	 4 274	 1 104,78	 4 289	 1 147,065
Hillegom	  540,71	 1 918	  556,25	 1 914	  548,480
Hilvarenbeek	  65,05	 1 457	  134,21	 1 389	  99,630
Hilversum	 4 228,38	 9 198	 4 237,27	 9 366	 4 232,825
Hoeksche Waard	 1 029,47	 8 356	 1 274,19	 8 383	 1 151,830
Hof van Twente	  461,92	 3 221	  498,80	 3 160	  480,360
Hollands Kroon	 1 587,33	 4 553	 1 686,65	 4 490	 1 636,990
Hoogeveen	 3 718,96	 6 000	 3 410,77	 5 937	 3 564,865
Hoorn	 4 518,63	 7 619	 4 702,56	 7 573	 4 610,595
Horst aan de Maas	  618,34	 3 778	  611,04	 3 663	  614,690
Houten	  0,00	 6 040	  149,40	 5 884	  74,700
Huizen	 1 081,02	 3 707	 1 177,55	 3 665	 1 129,285
Hulst	  737,96	 1 940	  826,49	 1 924	  782,225
IJsselstein	  922,90	 3 629	  992,66	 3 490	  957,780
Kaag en Braassem	  379,23	 2 640	  480,57	 2 595	  429,900
Kampen	 1 676,26	 6 371	 1 810,25	 6 325	 1 743,255
Kapelle	  214,84	 1 401	  152,82	 1 419	  183,830
Katwijk	 3 411,06	 7 272	 3 618,03	 7 207	 3 514,545
Kerkrade	 4 060,88	 3 295	 3 874,86	 3 167	 3 967,870
Koggenland	  303,53	 2 224	  300,89	 2 206	  302,210
Krimpen aan den IJssel	  819,68	 3 140	  988,20	 3 140	  903,940
Krimpenerwaard	 1 693,10	 5 339	 1 658,52	 5 408	 1 675,810
Laarbeek	  331,09	 2 079	  259,30	 2 038	  295,195
Landerd	  237,41	 1 477	  333,72	 1 494	  285,565
Landgraaf	 1 995,48	 2 906	 1 860,30	 2 895	 1 927,890
Landsmeer	  55,47	 1 295	  47,88	 1 290	  51,675
Langedijk	  705,10	 2 944	  617,92	 2 907	  661,510
Lansingerland	  294,36	 8 231	  548,43	 8 149	  421,395
Laren	  0,00	 1 183	  0,00	 1 153	  0,000
Leeuwarden	 5 052,85	 11 568	 5 224,67	 11 490	 5 138,760
Leiden	 5 549,55	 9 841	 5 707,73	 9 783	 5 628,640
Leiderdorp	  550,59	 2 959	  560,14	 2 966	  555,365
Leidschendam-Voorburg	 2 534,90	 7 061	 2 749,30	 7 064	 2 642,100
Lelystad	 8 677,33	 8 774	 8 488,78	 8 656	 8 583,055
Leudal	  711,37	 2 672	  842,07	 2 575	  776,720
Leusden	  16,40	 3 065	  0,00	 3 039	  8,200
Lingewaard	  564,21	 4 726	  679,46	 4 690	  621,835
Lisse	  297,77	 2 265	  375,80	 2 199	  336,785
Lochem	  392,72	 2 909	  393,15	 2 863	  392,935
Loon op Zand	  613,79	 2 026	  624,09	 2 004	  618,940
Lopik	  523,96	 1 420	  507,98	 1 352	  515,970
Loppersum	  158,04	  905	  221,03	  886	  189,535
Losser	  692,72	 2 021	  687,69	 2 000	  690,205
Maasdriel	  893,24	 2 374	  797,47	 2 396	  845,355
Maasgouw	  218,47	 1 547	  149,00	 1 541	  183,735
Maassluis	 3 355,35	 2 988	 3 299,45	 3 006	 3 327,400
Maastricht	 6 007,12	 7 794	 6 153,00	 7 783	 6 080,060
Medemblik	 1 412,26	 4 348	 1 660,83	 4 329	 1 536,545
Meerssen	  244,16	 1 452	  174,65	 1 447	  209,405
Meierijstad	 2 697,70	 7 502	 2 833,62	 7 446	 2 765,660
Meppel	  676,14	 3 725	  755,33	 3 645	  715,735
Middelburg	 2 181,58	 4 865	 2 605,23	 4 933	 2 393,405
Midden-Delfland	  9,87	 2 549	  9,19	 2 579	  9,530
Midden-Drenthe	  385,14	 2 853	  440,28	 2 780	  412,710
Midden-Groningen	 3 620,65	 5 535	 3 667,80	 5 388	 3 644,225
Mill en Sint Hubert	  139,79	  922	  260,75	  918	  200,270
Moerdijk	 1 145,90	 3 452	 1 222,13	 3 436	 1 184,015
Molenlanden	 1 009,91	 4 976	 1 119,48	 4 946	 1 064,695
Montferland	 1 526,21	 2 854	 1 681,96	 2 828	 1 604,085
Montfoort	  160,98	 1 567	  263,75	 1 512	  212,365
Mook en Middelaar	  21,53	  578	  5,25	  568	  13,390
Neder-Betuwe	 1 351,10	 3 044	 1 370,11	 3 085	 1 360,605
Nederweert	  234,93	 1 367	  369,45	 1 363	  302,190
Nieuwegein	 3 202,67	 5 898	 3 062,60	 5 912	 3 132,635
Nieuwkoop	  491,18	 2 613	  604,98	 2 597	  548,080
Nijkerk	 1 257,33	 4 875	 1 162,44	 4 869	 1 209,885
Nijmegen	 8 806,28	 14 610	 9 060,95	 14 654	 8 933,615
Nissewaard	 6 026,42	 7 904	 6 674,44	 7 917	 6 350,430
Noardeast-Frysl‰n	 1 620,38	 4 805	 1 648,33	 4 710	 1 634,355
Noord-Beveland	  90,18	  532	  152,23	  526	  121,205
Noordenveld	  682,56	 2 854	  631,25	 2 749	  656,905
Noordoostpolder	 3 285,07	 5 330	 3 034,91	 5 265	 3 159,990
Noordwijk	  659,71	 4 083	  675,77	 4 086	  667,740
Nuenen, Gerwen en Nederwetten	  68,68	 1 975	  98,58	 2 040	  83,630
Nunspeet	  649,61	 2 971	  843,89	 3 080	  746,750
Oegstgeest	  0,00	 3 064	  0,00	 3 114	  0,000
Oirschot	  7,85	 1 698	  107,12	 1 696	  57,485
Oisterwijk	  500,72	 2 401	  507,54	 2 390	  504,130
Oldambt	 2 082,41	 3 188	 2 120,21	 3 116	 2 101,310
Oldebroek	  749,71	 2 682	  793,71	 2 669	  771,710
Oldenzaal	  789,28	 3 382	  851,05	 3 225	  820,165
Olst-Wijhe	  298,76	 1 535	  246,73	 1 502	  272,745
Ommen	  196,25	 1 826	  108,14	 1 814	  152,195
Oost Gelre	  353,63	 2 714	  320,69	 2 654	  337,160
Oosterhout	 2 914,73	 4 957	 3 108,40	 5 012	 3 011,565
Ooststellingwerf	  928,71	 2 330	  757,25	 2 318	  842,980
Oostzaan	  272,06	 1 028	  277,09	 1 040	  274,575
Opmeer	  194,61	 1 101	  147,62	 1 069	  171,115
Opsterland	  655,70	 3 028	  612,35	 2 951	  634,025
Oss	 5 373,82	 8 240	 5 412,02	 8 192	 5 392,920
Oude IJsselstreek	 1 958,10	 3 593	 1 825,28	 3 487	 1 891,690
Ouder-Amstel	  205,31	 1 557	  179,30	 1 565	  192,305
Oudewater	  88,81	 1 044	  89,46	 1 043	  89,135
Overbetuwe	  318,11	 5 268	  441,05	 5 163	  379,580
Papendrecht	 1 246,00	 3 339	 1 254,32	 3 299	 1 250,160
Peel en Maas	  875,42	 3 849	  942,75	 3 789	  909,085
Pekela	  903,73	 1 133	 1 018,97	 1 149	  961,350
Pijnacker-Nootdorp	  513,70	 6 594	  531,36	 6 440	  522,530
Purmerend	 4 421,36	 7 169	 4 190,68	 6 952	 4 306,020
Putten	  724,09	 2 528	  836,23	 2 521	  780,160
Raalte	  599,20	 3 704	  679,65	 3 650	  639,425
Reimerswaal	 1 568,41	 2 856	 1 659,45	 2 855	 1 613,930
Renkum	  387,56	 2 710	  493,33	 2 622	  440,445
Renswoude	  84,51	  509	  89,61	  494	  87,060
Reusel-De Mierden	  126,65	 1 334	  191,28	 1 325	  158,965
Rheden	 1 799,43	 3 714	 1 869,12	 3 707	 1 834,275
Rhenen	 1 006,72	 2 197	 1 146,26	 2 158	 1 076,490
Ridderkerk	 2 839,33	 4 346	 2 931,19	 4 449	 2 885,260
Rijssen-Holten	  987,59	 4 800	  953,47	 4 727	  970,530
Rijswijk	 3 893,15	 4 798	 4 126,10	 5 012	 4 009,625
Roerdalen	  627,76	 1 567	  683,33	 1 578	  655,545
Roermond	 5 117,53	 5 308	 4 634,14	 5 309	 4 875,835
Roosendaal	 5 890,99	 7 134	 5 386,92	 7 098	 5 638,955
Rotterdam	 102 629,53	 62 667	 102 107,83	 62 925	 102 368,680
Rozendaal	  0,00	  232	  0,00	  222	  0,000
Rucphen	 1 071,27	 1 665	 1 050,71	 1 695	 1 060,990
Schagen	  406,92	 4 406	  516,28	 4 301	  461,600
Scherpenzeel	  154,12	 1 335	  169,08	 1 344	  161,600
Schiedam	 13 226,41	 8 071	 12 560,04	 7 976	 12 893,225
Schiermonnikoog	  5,92	  50	  20,31	  51	  13,115
Schouwen-Duiveland	  782,44	 2 875	  903,10	 2 882	  842,770
Simpelveld	  227,07	  786	  233,38	  781	  230,225
Sint Anthonis	  196,68	  956	  227,80	  946	  212,240
Sint-Michielsgestel	  238,38	 2 925	  345,93	 2 921	  292,155
Sittard-Geleen	 4 248,51	 7 316	 4 285,77	 7 199	 4 267,140
Sliedrecht	 1 387,13	 2 748	 1 469,75	 2 776	 1 428,440
Sluis	  743,36	 1 634	  777,88	 1 571	  760,620
Smallingerland	 2 267,86	 5 525	 2 261,92	 5 450	 2 264,890
Soest	 2 088,52	 4 440	 2 196,14	 4 368	 2 142,330
Someren	  305,97	 1 569	  336,32	 1 567	  321,145
Son en Breugel	  125,78	 1 788	  201,08	 1 800	  163,430
Stadskanaal	 1 952,42	 2 895	 1 607,49	 2 807	 1 779,955
Staphorst	  611,92	 2 339	  728,47	 2 368	  670,195
Stede Broec	 1 013,04	 2 138	 1 098,58	 2 104	 1 055,810
Steenbergen	  726,90	 1 921	  901,98	 1 906	  814,440
Steenwijkerland	 1 654,58	 4 101	 1 664,17	 4 141	 1 659,375
Stein	  449,91	 1 746	  490,15	 1 702	  470,030
Stichtse Vecht	 1 145,12	 7 044	 1 121,71	 6 907	 1 133,415
Sœdwest-Frysl‰n	 2 843,27	 9 006	 2 754,33	 8 780	 2 798,800
Terneuzen	 3 427,28	 4 475	 3 507,15	 4 469	 3 467,215
Terschelling	  0,00	  380	  28,68	  391	  14,340
Texel	  434,52	 1 107	  422,01	 1 080	  428,265
Teylingen	  104,81	 3 477	  119,10	 3 492	  111,955
Tholen	 1 359,67	 2 907	 1 468,76	 2 915	 1 414,215
Tiel	 4 385,09	 4 026	 4 320,85	 3 937	 4 352,970
Tilburg	 17 229,87	 19 575	 17 302,00	 19 440	 17 265,935
Tubbergen	  0,00	 2 263	  0,00	 2 247	  0,000
Twenterand	 1 793,42	 3 887	 1 638,48	 3 793	 1 715,950
Tynaarlo	  0,00	 3 741	  0,00	 3 792	  0,000
Tytsjerksteradiel	 1 222,58	 3 207	 1 027,44	 3 132	 1 125,010
Uden	 1 965,96	 4 079	 1 964,35	 4 016	 1 965,155
Uitgeest	  48,43	 1 383	  176,37	 1 391	  112,400
Uithoorn	  896,94	 2 908	 1 123,75	 2 954	 1 010,345
Urk	 2 179,08	 3 690	 2 244,64	 3 742	 2 211,860
Utrecht	 27 732,97	 36 432	 25 991,34	 36 485	 26 862,155
Utrechtse Heuvelrug	  726,05	 4 826	  815,05	 4 807	  770,550
Vaals	  452,87	  554	  435,94	  549	  444,405
Valkenburg aan de Geul	  319,38	 1 014	  334,62	  995	  327,000
Valkenswaard	  549,77	 2 452	  709,22	 2 483	  629,495
Veendam	 1 785,77	 2 623	 1 848,24	 2 544	 1 817,005
Veenendaal	 3 074,45	 7 446	 2 958,56	 7 502	 3 016,505
Veere	  233,39	 1 895	  171,17	 1 913	  202,280
Veldhoven	  465,58	 4 003	  607,31	 4 014	  536,445
Velsen	 3 193,58	 6 000	 3 327,44	 6 022	 3 260,510
Venlo	 8 484,65	 8 988	 8 322,55	 8 924	 8 403,600
Venray	 2 171,51	 3 800	 1 969,97	 3 709	 2 070,740
Vijfheerenlanden	 3 198,02	 5 805	 3 241,47	 5 841	 3 219,745
Vlaardingen	 8 719,84	 6 947	 8 609,53	 6 961	 8 664,685
Vlieland	  40,01	  70	  34,00	  67	  37,005
Vlissingen	 2 970,46	 3 921	 2 969,16	 3 880	 2 969,810
Voerendaal	  75,13	 1 044	  98,42	 1 075	  86,775
Voorschoten	  403,04	 2 874	  382,24	 2 853	  392,640
Voorst	  72,02	 2 619	  32,98	 2 661	  52,500
Vught	  42,22	 2 938	  86,33	 2 980	  64,275
Waadhoeke	 1 608,16	 4 486	 1 718,90	 4 419	 1 663,530
Waalre	  0,00	 1 683	  0,00	 1 721	  0,000
Waalwijk	 2 511,66	 4 539	 2 524,46	 4 473	 2 518,060
Waddinxveen	 1 079,51	 2 593	  956,88	 2 687	 1 018,195
Wageningen	  939,29	 2 891	 1 086,50	 2 900	 1 012,895
Wassenaar	  351,65	 2 361	  446,74	 2 368	  399,195
Waterland	  0,00	 1 742	  0,00	 1 735	  0,000
Weert	 2 809,34	 4 338	 2 933,17	 4 346	 2 871,255
Weesp	  541,38	 1 639	  683,99	 1 868	  612,685
West Betuwe	 1 405,05	 5 437	 1 426,77	 5 330	 1 415,910
West Maas en Waal	  356,38	 1 644	  478,58	 1 641	  417,480
Westerkwartier	  943,78	 6 677	  946,31	 6 602	  945,045
Westerveld	  59,62	 1 455	  65,10	 1 429	  62,360
Westervoort	  683,45	 1 400	  735,27	 1 380	  709,360
Westerwolde	 1 728,12	 2 173	 1 686,22	 2 176	 1 707,170
Westland	 3 125,16	 11 307	 3 367,85	 11 490	 3 246,505
Weststellingwerf	  903,62	 2 375	  818,65	 2 328	  861,135
Westvoorne	  139,77	 1 112	  250,35	 1 135	  195,060
Wierden	  25,80	 2 667	  33,60	 2 628	  29,700
Wijchen	  789,64	 3 854	  654,51	 3 705	  722,075
Wijdemeren	  77,28	 2 263	  125,61	 2 262	  101,445
Wijk bij Duurstede	  569,87	 2 380	  651,00	 2 360	  610,435
Winterswijk	 1 551,57	 2 669	 1 487,41	 2 535	 1 519,490
Woensdrecht	  755,00	 1 734	  786,73	 1 720	  770,865
Woerden	  850,91	 5 776	  905,16	 5 792	  878,035
Wormerland	  590,74	 1 352	  597,86	 1 382	  594,300
Woudenberg	  298,87	 1 541	  358,89	 1 542	  328,880
Zaanstad	 14 143,44	 15 583	 14 589,07	 15 434	 14 366,255
Zaltbommel	 1 059,07	 3 200	 1 038,29	 3 135	 1 048,680
Zandvoort	  362,82	 1 248	  427,41	 1 247	  395,115
Zeewolde	  787,20	 2 490	  629,38	 2 322	  708,290
Zeist	 2 679,92	 6 548	 2 333,69	 6 618	 2 506,805
Zevenaar	 1 774,98	 4 011	 1 899,54	 3 882	 1 837,260
Zoetermeer	 8 933,64	 13 267	 8 571,15	 13 176	 8 752,395
Zoeterwoude	  90,55	  731	  133,06	  707	  111,805
Zuidplas	  989,56	 4 704	 1 044,07	 4 787	 1 016,815
Zundert	  373,96	 1 587	  402,49	 1 590	  388,225
Zutphen	 2 244,31	 4 724	 2 413,38	 4 639	 2 328,845
Zwartewaterland	  776,26	 2 959	  797,71	 2 880	  786,985
Zwijndrecht	 3 379,85	 4 602	 3 606,49	 4 417	 3 493,170
Zwolle	 3 335,68	 14 105	 3 686,13	 13 911	 3 510,905
					
Bron: CBS					
